# dscvr0.local
slave
masterIP dscvr.local
wall -2.7432 -1.06426 -0.31369 -2.52862 -1.06426 0.27585 -2.7432 0 -0.31369
viewport 1080 1920 0 0
wall -2.7432 0 -0.31369 -2.52862 0 0.27585 -2.7432 1.06426 -0.31369
viewport 1080 1920 0 1080

# dscvr1.local
slave
masterIP dscvr.local
wall -2.68505 -1.06426 0.64346 -2.28178 -1.06426 1.12406 -2.68505 0 0.64346
wall -2.68505 0 0.64346 -2.28178 0 1.12406 -2.68505 1.06426 0.64346

# dscvr2.local
slave
masterIP dscvr.local
wall -2.30305 -1.06426 1.52299 -1.75972 -1.06426 1.83668 -2.30305 0 1.52299
wall -2.30305 0 1.52299 -1.75972 0 1.83668 -2.30305 1.06426 1.52299

# dscvr3.local
slave
masterIP dscvr.local
wall -1.64326 -1.06426 2.21884 -1.02541 -1.06426 2.32778 -1.64326 0 2.21884
wall -1.64326 0 2.21884 -1.02541 0 2.32778 -1.64326 1.06426 2.21884

# dscvr4.local
slave
masterIP dscvr.local
wall -0.78528 -1.06426 2.64705 -0.16743 -1.06426 2.53811 -0.78528 0 2.64705
wall -0.78528 0 2.64705 -0.16743 0 2.53811 -0.78528 1.06426 2.64705

# dscvr5.local
slave
masterIP dscvr.local
wall 0.16743 -1.06426 2.756 0.71075 -1.06426 2.44231 0.16743 0 2.756
wall 0.16743 0 2.756 0.71075 0 2.44231 0.16743 1.06426 2.756

# dscvr6.local
slave
masterIP dscvr.local
wall 1.09994 -1.06426 2.53253 1.50321 -1.06426 2.05192 1.09994 0 2.53253
wall 1.09994 0 2.53253 1.50321 0 2.05192 1.09994 1.06426 2.53253

# dscvr7.local
slave
masterIP dscvr.local
wall 1.89978 -1.06426 2.0036 2.11435 -1.06426 1.41405 1.89978 0 2.0036
wall 1.89978 0 2.0036 2.11435 0 1.41405 1.89978 1.06426 2.0036

# dscvr8.local
slave
masterIP dscvr.local
wall 2.47048 -1.06426 1.233 2.47048 -1.06426 0.60562 2.47048 0 1.233
wall 2.47048 0 1.233 2.47048 0 0.60562 2.47048 1.06426 1.233

# dscvr9.local
slave
masterIP dscvr.local
wall 2.7432 -1.06426 0.31369 2.52862 -1.06426 -0.27585 2.7432 0 0.31369
wall 2.7432 0 0.31369 2.52862 0 -0.27585 2.7432 1.06426 0.31369
